67.84 0.017124472488867563
[501 567]
73.47 0.030227706381140196
[502 573]
71.59 0.043189219538150886
[503 571]
74.88 0.05624777300157245
[504 574]
72.76 0.06922743758280388
[505 572]
74.1 0.08225248072458717
[506 573]
74.1 0.09527892012977204
[507 573]
66.15 0.10807567420539448
[507 565]
76.18 0.12139044200300882
[509 575]
65.72 0.14858057735397806
[509 564]
84.89 0.1620838407108078
[513 583]
62.07 0.1746348524277494
[510 561]
99.3 0.18869313048671332
[518 597]
60.66 0.24429233913824466
[514 558]
85.63 0.2577963006267752
[521 582]
68.14 0.2848035254721355
[519 565]
84.53 0.31260452606130273
[525 580]
78.02 0.3400089878444169
[526 573]
66.83 0.352717079194038
[523 562]
56.98 0.3650286317376061
[520 553]
57.11 0.377340184281174
[521 553]
76.61 0.39044760696365144
[529 570]
86.39 0.40394947405707954
[533 579]
86.37 0.41745273741390926
[535 578]
86.34 0.4309560007707391
[536 578]
86.4 0.4444606603909704
[537 578]
99.64 0.45850427768421753
[544 589]
82.93 0.47186442404238377
[537 573]
57.1 0.48417527845425096
[526 550]
65.27 0.5112502220745886
[531 556]
72.95 0.5242906241137893
[536 563]
95.4 0.5381904262766722
[548 581]
76.23 0.551296452695748
[539 564]
95.52 0.5651815940929141
[551 580]
75.05 0.5782282793174222
[541 562]
78.45 0.5914076095650818
[543 565]
72.06 0.604325838556643
[540 559]
98.82 0.6183338511331494
[557 580]
68.84 0.6311250201551656
[540 555]
96.23 0.6450248223180484
[557 576]
74.48 0.6580400916160205
[545 558]
88.61 0.6716348102256546
[555 569]
81.51 0.6849405023111587
[551 563]
71.66 0.6978461649321055
[546 554]
76.62 0.710953587614583
[549 558]
86.35 0.7244575491031134
[557 564]
62.79 0.7369994851079447
[542 546]
61.21 0.7494771929963027
[541 544]
63.44 0.7764809271831589
[544 545]
86.05 0.7899876811984927
[561 560]
76.26 0.8030937076175684
[554 552]
97.57 0.8170535491067198
[571 566]
75.09 0.8300974418044247
[555 550]
86.44 0.8436021014246561
[564 557]
86.45 0.8571053647814858
[565 556]
86.44 0.8706093262700162
[566 555]
66.57 0.8833174176196372
[551 542]
76.58 0.8964234440387132
[559 547]
67.03 0.9091343279151375
[552 541]
76.65 0.9222382599391109
[561 546]
57.12 0.9345498124826788
[545 533]
58.35 0.9615563391963384
[547 533]
58.4 0.9885621677782969
[548 532]
86.51 1.0020675255302292
[572 546]
98.48 1.0160587829459164
[583 551]
74.4 1.0290747503755895
[563 538]
67.0 1.0417842379886122
[557 533]
76.21 1.0548916606710896
[566 537]
96.05 1.0687879721754685
[584 546]
86.44 1.0822933299274005
[576 540]
96.13 1.096194528353685
[585 543]
92.93 1.1099609873617153
[583 541]
60.37 1.1224058830601358
[554 526]
82.46 1.1658792422005113
[575 532]
62.08 1.1784065174396257
[557 523]
57.01 1.1907159755880916
[552 521]
96.06 1.2046171740143758
[589 534]
56.98 1.2169294246896447
[553 519]
70.09 1.279283057546394
[567 520]
86.34 1.292785622771523
[583 523]
76.75 1.3058923473222996
[574 520]
68.17 1.333296110973713
[566 516]
78.0 1.3757906894695702
[576 515]
77.97 1.439336731271282
[577 510]
86.35 1.4528399946281116
[585 510]
95.94 1.4667404949226954
[595 509]
78.08 1.527119811329589
[578 503]
68.0 1.5751687256369928
[567 500]
77.99 1.6049538165198272
[577 498]
97.49 1.6812058552760578
[596 490]
65.75 1.6939160410207814
[565 492]
77.99 1.7598427119222135
[576 486]
87.71 1.8075020687405723
[585 480]
66.59 1.8202122544852959
[564 484]
56.99 1.832523108897163
[555 486]
78.01 1.861913057237346
[574 478]
96.14 1.8758142556636304
[591 472]
57.14 1.8881251100754979
[554 483]
76.71 1.9012311364945735
[572 476]
76.73 1.9143392573087514
[572 475]
87.8 1.9735129002683673
[580 466]
57.11 1.9858244528119353
[552 477]
97.48 2.017993663452994
[587 458]
84.0 2.0620785859632687
[574 461]
76.65 2.0751874049091477
[567 463]
59.24 2.1196653755669708
[550 470]
84.8 2.164545470084454
[570 453]
87.7 2.193934720292936
[571 449]
58.38 2.2221329578198574
[546 465]
57.14 2.2344459066268265
[545 465]
77.99 2.2634379198975547
[560 451]
58.22 2.290442352216112
[543 462]
74.21 2.3194371580136437
[554 450]
97.45 2.379405972980468
[567 430]
75.83 2.4242846712345494
[549 443]
87.79 2.4683688956131227
[554 432]
57.84 2.5112376727006076
[534 454]
57.67 2.5235757542488058
[533 453]
66.89 2.5362852418618282
[538 445]
76.57 2.5493905701492037
[542 437]
78.0 2.5918851486450607
[540 434]
76.61 2.6049918731958375
[539 435]
57.12 2.617303425739405
[528 451]
57.14 2.6296156764146743
[527 451]
76.59 2.6427196084386475
[536 433]
80.78 2.6559931864659148
[537 429]
72.58 2.6689337556719015
[533 436]
57.13 2.681247402610572
[525 449]
76.22 2.694354825293049
[532 432]
78.7 2.707575345311056
[533 429]
78.13 2.720772826982936
[531 429]
80.2 2.734049197537007
[531 427]
76.37 2.7471740735120043
[529 430]
77.98 2.7603610832083727
[529 428]
78.35 2.7735606592753554
[528 427]
77.45 2.7867232343621957
[526 428]
77.43 2.799883715053934
[525 428]
77.84 2.813058158379688
[525 427]
77.21 2.8262088652276147
[523 427]
76.0 2.8393155897783915
[522 428]
75.91 2.852420219934066
[521 428]
77.16 2.865573719308795
[521 426]
74.92 2.878632272772217
[519 428]
76.1 2.8917410917180963
[518 427]
76.0 2.904846420005471
[517 427]
75.91 2.917953144556248
[516 426]
75.92 2.9310563784485204
[515 426]
75.35 2.944169386184604
[514 427]
72.17 2.95727611073538
[513 430]
76.1 2.970637653356948
[512 426]
75.98 2.983874928535774
[511 425]
76.37 2.997027031647103
[511 425]
75.92 3.010152605753801
[509 425]
64.45 3.022802054040555
[507 437]
75.84 3.03590738232793
[508 425]
75.83 3.0490134087470064
[507 425]
75.27 3.0620929061614515
[505 425]
66.88 3.074830319042506
[504 434]
74.84 3.0878937594278333
[504 426]
75.21 3.1009690680520743
[503 425]
66.56 3.1164194207224285
[501 434]
75.07 3.1297900390561066
[500 425]
75.01 3.142961689855057
[500 425]
74.57 3.156030715293991
[499 426]
74.54 3.1690857780989083
[498 426]
62.93 3.1816626206887797
[498 438]
65.86 3.1943714101701013
[497 435]
65.87 3.207079501519723
[496 435]
74.03 3.220113620373616
[495 427]
74.47 3.2331707775736365
[494 426]
68.99 3.246005230761102
[493 432]
74.44 3.259053312249011
[492 427]
74.52 3.27210907318563
[491 427]
73.64 3.2851243424836016
[490 428]
71.07 3.2980334957630526
[489 430]
66.33 3.310741587112674
[489 435]
73.7 3.3237568564106463
[487 428]
58.68 3.336158467943617
[489 443]
75.48 3.349247041070173
[485 427]
66.46 3.361971887580613
[486 436]
71.57 3.3748977960208832
[484 431]
70.81 3.3877880997444128
[483 432]
76.0 3.4008969186902913
[481 427]
76.59 3.4140301722456985
[480 427]
75.2 3.427108273396742
[479 428]
75.37 3.440214299815818
[478 428]
84.83 3.4537196575677505
[474 420]
67.83 3.4811199305606593
[478 437]
95.23 3.495019732723543
[468 411]
87.53 3.537516405614502
[467 420]
75.9 3.550621733901877
[470 431]
66.17 3.5633312215148996
[473 440]
58.12 3.5899412094225056
[475 448]
95.53 3.603842407848791
[458 415]
75.46 3.616949132399567
[466 433]
65.58 3.6296558274857866
[470 443]
66.02 3.6423660132305096
[469 443]
85.39 3.6558699747190406
[458 426]
98.63 3.7289441179732403
[446 418]
65.88 3.741655699981365
[463 446]
87.3 3.7694539080437295
[449 430]
85.52 3.78295786953226
[449 432]
66.19 3.795668055276983
[460 448]
77.17 3.823872575989211
[452 441]
58.27 3.865174745540106
[462 457]
58.11 3.8925736222696137
[461 458]
85.79 3.9060768856264443
[441 439]
77.53 3.9334799511461562
[445 446]
66.02 3.94619013689088
[453 455]
58.01 3.9735952968056947
[458 461]
75.72 3.9867006250930697
[444 450]
85.62 4.0002045865816
[436 445]
57.98 4.027606953969612
[456 464]
66.02 4.040315743450934
[449 459]
58.1 4.101080428556667
[453 467]
75.92 4.114187851239145
[438 458]
58.26 4.156290079719153
[451 470]
57.7 4.184468071426752
[451 471]
66.6 4.197192917937192
[443 468]
58.81 4.20960081265547
[449 472]
45.2 4.221450900144811
[461 479]
32.33 4.232775992595152
[472 486]
33.1 4.244131104708627
[471 486]
32.58 4.25546666913448
[471 486]
31.21 4.266749175551072
[472 487]
32.02 4.2780623997625
[471 487]
31.52 4.289366548261816
[472 488]
32.28 4.300706999609575
[471 488]
31.0 4.311996487343174
[472 488]
30.44 4.323258747940443
[472 489]
31.2 4.33455382072765
[472 489]
30.71 4.345823062641927
[472 489]
30.72 4.357098587741511
[472 490]
30.21 4.368363640865584
[472 490]
30.2 4.379777396041926
[472 491]
29.69 4.391191151218268
[472 491]
29.69 4.402585358706987
[472 491]
30.44 4.413936980161958
[471 492]
30.45 4.425327696992174
[471 492]
30.49 4.436611599672168
[471 492]
30.46 4.447879445323043
[471 493]
30.48 4.45913961152521
[471 493]
29.68 4.470365569274038
[472 493]
29.69 4.481640396241921
[472 494]
29.67 4.492898468048986
[472 494]
30.17 4.504164219304759
[471 494]
30.19 4.515451612643257
[471 495]
30.2 4.526792762122715
[471 495]
30.19 4.538092023700127
[471 495]
30.2 4.549352888033994
[471 496]
30.71 4.56063050752868
[470 496]
30.69 4.571916504603776
[470 496]
29.94 4.583162010040226
[471 497]
29.9 4.594405421081573
[471 497]
29.93 4.605649530254622
[471 497]
29.92 4.61689363942767
[471 498]
29.92 4.628136352337318
[471 498]
29.9 4.639379763378664
[471 498]
29.94 4.650627363210217
[471 499]
30.7 4.661903586441501
[470 499]
29.39 4.673124657268423
[471 499]
30.2 4.684377144021882
[470 500]
30.2 4.695631027038741
[470 500]
29.72 4.7068681548947815
[471 500]
29.65 4.718100395828916
[471 500]
29.69 4.7293256554460426
[471 500]
29.68 4.740553707589973
[471 500]
30.5 4.751815270055541
[470 501]
30.42 4.763074738126006
[470 501]
29.96 4.7743153566405505
[471 501]
29.09 4.785516181648149
[471 502]
29.11 4.796718402919151
[471 502]
29.1 4.807917831663347
[472 502]
29.09 4.819113769749041
[472 503]
29.94 4.830346010683176
[471 503]
29.96 4.841577553485609
[471 503]
29.97 4.852810492551445
[471 504]
29.94 4.864042733485579
[471 504]
29.95 4.875275672551414
[471 504]
29.92 4.886505819090448
[471 505]
29.94 4.897735965629479
[471 505]
30.45 4.908987754251237
[471 505]
30.45 4.920245826058301
[471 506]
30.46 4.931504595997065
[471 506]
29.69 4.942730553745893
[472 506]
29.68 4.9539537189679175
[472 507]
29.71 4.965181072980147
[472 507]
30.19 4.976427276548297
[471 507]
30.18 4.98766649879944
[471 508]
30.69 4.99893783510882
[471 508]
30.75 5.010212662076703
[471 509]
30.7 5.021490281571389
[471 509]
31.27 5.032785354358596
[471 509]
31.26 5.044080427145803
[471 510]
30.47 5.055341989611371
[472 510]
30.43 5.066603552076939
[472 510]
31.74 5.077922361341972
[471 511]
31.02 5.089207660285368
[472 511]
30.96 5.1004901667019595
[472 511]
32.29 5.111826429259513
[471 512]
32.28 5.123162691817067
[471 512]
33.58 5.134556899305787
[470 513]
34.88 5.146001372276964
[469 514]
36.71 5.157515658418221
[467 515]
36.7 5.169036227744786
[468 516]
36.69 5.180553306412845
[468 516]
36.7 5.192068290685803
[468 516]
97.04 5.234962200514516
[416 548]
95.94 5.263558373110893
[419 550]
75.8 5.276663701398268
[436 540]
66.47 5.289376679669795
[445 536]
97.48 5.332662241382655
[421 556]
76.16 5.345771758460235
[439 545]
87.39 5.3886628757621455
[432 554]
77.71 5.431158152389703
[442 551]
85.49 5.444661415746533
[437 557]
87.51 5.487553929311845
[438 561]
86.82 5.515753563102168
[440 562]
85.9 5.5292561283272965
[442 562]
77.52 5.557057128916464
[449 557]
76.08 5.570161759072138
[451 557]
76.19 5.583269879886316
[451 558]
75.98 5.596375906305393
[452 558]
76.08 5.609479838329366
[453 559]
77.61 5.637284329577036
[454 561]
66.28 5.649991024663256
[461 553]
66.46 5.662704002934784
[462 554]
97.05 5.7055937239732915
[448 581]
95.28 5.719493526136174
[450 580]
66.16 5.732202315617496
[466 556]
85.75 5.745706277106026
[457 573]
61.53 5.758222382237928
[470 553]
70.97 5.771125950463773
[466 561]
65.3 5.7838033240185585
[469 557]
80.81 5.797187904986253
[463 571]
62.76 5.809939978633025
[472 555]
80.33 5.823411826063318
[465 571]
65.46 5.836187636187917
[472 559]
81.06 5.84953591430717
[466 573]
65.88 5.862247496315295
[474 560]
Total time,  0:00:08.415415
